Rs=0.485;
Ls=0.000395;
Sm=0.1194;
p=4;
J=0.0027;
B=0.0004924;
f=60;